Te =  2.00000E+01C
dT =  1.33135E-01C
dt =  2.00000000000000000E-01s
P =  1.00000E+03W
T =  8.66629E+01C
Cp =  1.50009E+01W/C
