Te =  2.00000E+01C
L =  1.600194478s
dT =  1.58409E-01C
dt =  2.00000000000000000E-01s
T =  8.66629E+01C
T_0 =  3.39681E+01C
t_0 =  25.000178877C

